$ANSIBLE_VAULT;1.1;AES256
64613432383034643837633436383865346139313031633235373166646132313133633561346230
3436313132636365633666303665383164623134376561300a666132333266363938396136383835
33393438666364393063393864663365666162303664366662373633343337613834343333343536
6136356265653734310a373739393335363465346163663632326437393162346261383338613037
35343762383137336563303364376631623966363164643864393038336134363862383236666337
61303063346337303738383165386333303339613431396562663337636636313265353533383761
34353261306236633961636232353132393933363634356234353538646364646265663262633730
65383163383763646531623162643134386265316466363864363837333836316335333064343637
62326637346565653636326533303261353461666539313163376230633632313836383665316464
36613238653537643939383838613337323034323766306464623664383832303430326536343437
36653831343538643739616530383438346239616366366664303738376534343534336533666535
36376532656566623839376162333465633433653238636436666263653833643762623265386434
62613565633933386663626435613031663662316365623864376465306432306537383463646230
34343764646230353538343236393763666263363461653639326135346639356163313863313837
39316337306364323438383939666163323834313361353563353934616163653935313334353836
39366461643964333134656165313662646339313037306430646535656534653031306635393963
31656164653032306464626134306266353339663031633532353632373935653039393532313834
62623631646336343039373765353463396461353261373239323562326333643061376338356430
66326336366232376562353732383836303231336431623066333333643635316261336537336132
65306166343334623531643966373735386365306330363235353631666265656463373839646131
62653464626165366333303637343434623863393238636437633431306361396132366638346338
32663434633730656132613862643330323339386461356634316530316530376331393735323832
35356335663936346538613735613636333835343330636331396537366233383237386231383564
36623166353038353565333530356437356230653434346566633530393532303233643965356538
65323036303833333337336332616338386132656531343865343934613966623733393732346336
66363565663131613433323433633532353539346439346465343338363430666537366364346661
35376636386337353037643436396138343166346130643763633439353865626634653464376132
32386261336534323839
