$ANSIBLE_VAULT;1.1;AES256
30396636313462363766626533636366366365353662643035653535376130386638643565306561
3037326361653766373963363366323939393835623639310a346461383331393530363733366431
65396238613061386364653831333932353939393330643032343537316630363635646361393033
3331653338623830350a636262306235656239643561316335353539333866316366346232393134
36666461353932376635363834633162396632626561643162653031626635623837643038623030
38356366666461623135366530616137303933656463646234306464643937326332653636333462
34306138363231633161633464363739343639626437613532393334616234313466306233353137
65306134393661326534373164356133366636623737633334356239323339333130613334306232
32356464393463313664343966666632356437326363666139336237383664303632626162303361
30323837343736613134626665306266316438626230613833303065306335323333636530636666
34396130383130353066636462633966353863626132646236383038636139626466366132323736
32363236653937373562303232636165633761323866653539616664343965343863626334623530
63643636396431333462623331653639636430383063373765303865646566656538393836393833
3963326665663366383034366563613434613436666163623163
