$ANSIBLE_VAULT;1.1;AES256
37336166626539316365333032306638313339386337623937303933633165633933663136333164
3338373266336262306533313535613561383162353430390a353137376538343134343064336465
64363235643264343739663663303939346538643261353636666236323865303964643635393539
3564303730656465660a386439316530346561376436363966373133353538663963346166383638
35333933393863313132336534316536633062656663333765643161633939613265353937383332
65373763333235303663336436626562646434626264336365376138626566383265356139393933
62363466373332313632333266316166613634666639366531326134316139616432363031396561
31333361303737333130386561396166653138366364306334373035623961323535376332333165
33616336356461313934363933323262653331626335646363656236663335643436653665306233
35613733343638623861396161333866386266613864316366373435356132336561376662323532
65383238613833653835373633666661323635353939316437633663333534623134306334663564
63396439343535653232626639353264616232396663666161613830373766656664663765353761
61363062393938386261356666336334616264386433646331306637643035656361623762653935
66346434336633366463646436656332366639373664396239333136616134353730613431656539
65656564623963626338626232383861376536346433393033336266303538343264393939613038
65613164333361386664
